0.000000 -501.371000 -0.001000 0.000000
0.050000 -501.368219 -0.001116 0.000046
0.100000 -501.354029 -0.001120 -0.000459
0.150000 -501.327590 -0.001636 -0.001710
0.200000 -501.287220 -0.003098 -0.003859
0.250000 -501.230166 -0.005494 -0.006247
0.300000 -501.156210 -0.009061 -0.008876
0.350000 -501.067895 -0.013875 -0.011638
0.400000 -500.967866 -0.019691 -0.014252
0.450000 -500.856250 -0.026424 -0.017333
0.500000 -500.732853 -0.034149 -0.020946
0.550000 -500.597870 -0.043181 -0.024945
0.600000 -500.451419 -0.053718 -0.029342
0.650000 -500.293570 -0.065795 -0.034035
0.700000 -500.124351 -0.079343 -0.038943
0.750000 -499.943828 -0.094656 -0.044089
0.800000 -499.752121 -0.112101 -0.049641
0.850000 -499.549289 -0.131805 -0.055562
0.900000 -499.335213 -0.153630 -0.061652
0.950000 -499.109766 -0.177589 -0.067804
1.000000 -498.873011 -0.203950 -0.074147
1.050000 -498.625123 -0.232955 -0.080660
1.100000 -498.366194 -0.264770 -0.087291
1.150000 -498.096119 -0.299378 -0.093946
1.200000 -497.814790 -0.336765 -0.100561
1.250000 -497.522231 -0.377022 -0.107086
1.300000 -497.218513 -0.420256 -0.113463
1.350000 -496.903635 -0.466557 -0.119679
1.400000 -496.577537 -0.515896 -0.125673
1.450000 -496.240163 -0.568217 -0.131347
1.500000 -495.891485 -0.623504 -0.136650
1.550000 -495.531461 -0.681681 -0.141508
1.600000 -495.160027 -0.742667 -0.145876
1.650000 -494.777090 -0.806297 -0.149681
1.700000 -494.382589 -0.872482 -0.152910
1.750000 -493.976457 -0.941041 -0.155514
1.800000 -493.558627 -1.011876 -0.157514
1.850000 -493.129008 -1.084757 -0.158882
1.900000 -492.687524 -1.159572 -0.159661
1.950000 -492.234102 -1.236090 -0.159849
2.000000 -491.768635 -1.313953 -0.159317
2.050000 -491.290958 -1.392821 -0.158013
2.100000 -490.800923 -1.472384 -0.155953
2.150000 -490.298460 -1.552374 -0.153201
2.200000 -489.783574 -1.632858 -0.150065
2.250000 -489.256285 -1.713714 -0.146707
2.300000 -488.716538 -1.794612 -0.143029
2.350000 -488.164134 -1.875025 -0.138801
2.400000 -487.598865 -1.954571 -0.133943
2.450000 -487.020679 -2.033179 -0.128725
2.500000 -486.429675 -2.110782 -0.123386
2.550000 -485.825896 -2.187331 -0.118064
2.600000 -485.209215 -2.262510 -0.112647
2.650000 -484.579472 -2.336118 -0.107111
2.700000 -483.936630 -2.408191 -0.101700
2.750000 -483.280750 -2.478581 -0.096464
2.800000 -482.611779 -2.547261 -0.091390
2.850000 -481.929511 -2.614160 -0.086474
2.900000 -481.233758 -2.679238 -0.081758
2.950000 -480.524337 -2.742512 -0.077334
3.000000 -479.800805 -2.803848 -0.073098
3.050000 -479.062055 -2.862958 -0.069067
3.100000 -478.308658 -2.919024 -0.066375
3.150000 -477.543032 -2.972472 -0.065102
3.200000 -476.765625 -3.024371 -0.064334
3.250000 -475.976513 -3.075545 -0.063507
3.300000 -475.175625 -3.126250 -0.062382
3.350000 -474.362925 -3.176162 -0.060920
3.400000 -473.538441 -3.224868 -0.059089
3.450000 -472.702184 -3.272195 -0.056801
3.500000 -471.854154 -3.318042 -0.054026
3.550000 -470.994343 -3.362084 -0.050842
3.600000 -470.122764 -3.403849 -0.047370
3.650000 -469.239419 -3.442791 -0.043515
3.700000 -468.344315 -3.478586 -0.039219
3.750000 -467.437465 -3.511163 -0.034697
3.800000 -466.518887 -3.540187 -0.029969
3.850000 -465.588611 -3.565376 -0.025101
3.900000 -464.646674 -3.586742 -0.020342
3.950000 -463.693151 -3.604229 -0.015689
4.000000 -462.728449 -3.617846 -0.011181
4.050000 -461.753866 -3.627510 -0.006912
4.100000 -460.770879 -3.633010 -0.002756
4.150000 -459.780763 -3.634483 0.001245
4.200000 -458.784583 -3.632199 0.005053
4.250000 -457.783233 -3.626476 0.008621
4.300000 -456.777464 -3.617538 0.011881
4.350000 -455.767927 -3.605356 0.014963
4.400000 -454.755175 -3.590150 0.017825
4.450000 -453.739675 -3.572176 0.020472
4.500000 -452.721836 -3.551476 0.023075
4.550000 -451.702010 -3.528181 0.025565
4.600000 -450.680490 -3.502344 0.027913
4.650000 -449.657531 -3.473884 0.030306
4.700000 -448.633359 -3.442740 0.032835
4.750000 -447.608162 -3.408991 0.035378
4.800000 -446.582100 -3.372690 0.037868
4.850000 -445.555321 -3.333744 0.040432
4.900000 -444.527943 -3.292271 0.042950
4.950000 -443.500067 -3.248323 0.045350
5.000000 -442.471791 -3.201802 0.047761
5.050000 -441.443184 -3.152856 0.050090
5.100000 -440.414308 -3.101601 0.052284
5.150000 -439.385227 -3.047976 0.054480
5.200000 -438.355985 -2.992128 0.056578
5.250000 -437.326619 -2.934174 0.058532
5.300000 -436.297170 -2.874071 0.060491
5.350000 -435.267663 -2.811985 0.062363
5.400000 -434.238121 -2.748026 0.064102
5.450000 -433.208569 -2.682135 0.065847
5.500000 -432.179024 -2.614459 0.067521
5.550000 -431.149492 -2.545108 0.069080
5.600000 -430.119995 -2.474020 0.070660
5.650000 -429.090539 -2.401321 0.072181
5.700000 -428.061132 -2.327109 0.073595
5.750000 -427.031786 -2.251322 0.075033
5.800000 -426.002498 -2.174083 0.076418
5.850000 -424.973274 -2.095489 0.077697
5.900000 -423.944122 -2.015472 0.078994
5.950000 -422.915042 -1.934153 0.080234
6.000000 -421.886033 -1.851635 0.081362
6.050000 -420.857105 -1.767861 0.082504
6.100000 -419.828250 -1.682956 0.083578
6.150000 -418.799460 -1.597024 0.084533
6.200000 -417.770745 -1.510012 0.085494
6.250000 -416.742100 -1.422048 0.086388
6.300000 -415.713515 -1.333239 0.087162
6.350000 -414.684981 -1.243715 0.087813
6.400000 -413.656491 -1.153602 0.088333
6.450000 -412.628052 -1.062811 0.088853
6.500000 -411.599660 -0.971401 0.089328
6.550000 -410.571311 -0.879464 0.089735
6.600000 -409.543008 -0.786961 0.090213

